346
297 587 297 587
291 573 291 573
287 549 287 549
284 490 284 490
283 467 281 431
280 444 280 444
280 420 280 420
280 403 280 396
279 377 279 377
281 349 281 349
284 330 283 321
283 295 283 295
283 292 283 292
296 249 283 289
300 210 300 210
298 193 298 193
297 159 296 176
295 116 295 116
298 98 298 98
301 72 301 80
294 62 294 62
260 55 260 55
254 56 226 48
232 57 232 57
191 62 191 62
164 61 150 67
125 58 125 58
89 63 89 63
66 71 53 68
46 88 46 88
54 110 54 110
90 129 62 132
101 104 101 104
134 103 134 103
168 103 167 102
183 103 183 103
198 103 198 103
237 110 213 103
242 112 242 112
245 113 245 113
247 120 248 114
247 134 247 134
246 146 246 146
243 153 245 158
235 160 235 160
223 164 223 164
201 161 211 168
178 156 178 156
162 153 162 153
144 156 146 150
126 158 126 158
99 159 99 159
80 163 72 160
79 164 79 164
72 181 72 181
87 206 65 198
105 214 105 214
153 210 153 210
153 210 201 206
194 204 194 204
197 204 197 204
214 203 200 204
233 213 233 213
233 222 233 222
228 242 233 231
224 253 224 253
218 269 218 269
212 273 212 285
200 276 200 276
175 276 175 276
162 269 150 276
132 263 132 263
110 259 110 259
97 253 88 255
76 253 76 253
62 258 62 258
78 317 48 263
78 317 78 317
88 319 88 319
117 319 98 321
144 315 144 315
173 312 173 312
182 313 202 309
205 313 205 313
213 313 213 313
224 339 221 313
232 359 232 359
233 365 233 365
217 380 234 371
193 388 193 388
181 393 181 393
179 391 169 398
163 379 163 379
153 369 153 369
146 364 143 359
127 361 127 361
107 362 107 362
91 366 87 363
74 368 74 368
50 379 50 379
82 417 26 390
108 416 108 416
123 412 123 412
145 415 138 408
169 415 169 415
187 419 187 419
226 416 205 423
230 419 230 419
234 431 234 431
231 436 238 443
227 444 227 444
207 462 207 462
189 469 187 480
183 470 183 470
155 464 155 464
135 460 127 458
115 459 115 459
97 456 97 456
72 456 79 453
54 457 54 457
45 469 45 469
56 473 36 481
88 485 88 485
110 488 110 488
129 489 132 491
172 496 172 496
197 496 197 496
221 514 222 496
229 526 229 526
223 539 223 539
228 546 217 552
224 557 224 557
222 564 222 564
222 570 220 571
211 581 211 581
200 586 200 586
192 572 189 591
188 561 188 561
187 548 187 548
171 532 186 535
165 528 165 528
141 533 141 533
136 542 117 538
144 579 144 579
144 589 144 589
141 591 144 599
100 575 100 575
85 577 85 577
67 566 70 579
71 520 71 520
47 521 47 521
27 530 23 522
34 557 34 557
15 577 15 577
6 579 -4 597
7 498 7 498
3 433 3 433
5 380 -1 368
6 366 6 366
6 344 6 344
7 331 6 322
7 311 7 311
5 283 5 283
6 267 3 255
7 254 7 254
6 229 6 229
6 210 5 204
9 187 9 187
3 155 3 155
9 146 -3 123
13 106 13 106
11 87 11 87
12 75 9 68
13 53 13 53
15 33 15 33
19 24 17 13
33 20 33 20
60 17 60 17
84 15 87 14
109 11 109 11
135 12 135 12
147 10 161 13
166 9 166 9
185 7 185 7
204 7 204 5
233 6 233 6
245 5 245 5
266 5 257 4
285 3 285 3
296 4 296 4
336 13 307 5
336 13 336 13
364 14 364 14
394 13 392 15
418 14 418 14
441 13 441 13
454 12 464 12
488 10 488 10
521 11 521 11
548 10 554 12
560 12 560 12
566 22 566 22
574 54 572 32
581 70 581 70
582 91 582 91
581 118 583 112
585 149 585 149
588 173 588 173
589 194 591 197
590 211 590 211
589 232 589 232
588 251 588 253
584 270 584 270
583 283 583 283
584 302 582 296
585 328 585 328
584 356 584 356
580 370 583 384
580 387 580 387
580 404 580 404
580 419 580 421
581 439 581 439
583 452 583 452
579 509 585 465
578 537 578 537
575 558 575 558
575 565 572 579
562 593 562 593
553 582 553 582
524 584 544 571
497 585 497 585
483 571 483 571
450 575 469 557
425 578 425 578
384 577 384 577
377 557 343 576
372 539 372 539
374 526 374 526
395 512 376 513
431 539 431 539
454 532 454 532
481 526 477 525
496 520 496 520
507 516 507 516
530 508 518 512
538 480 538 480
539 474 539 474
539 471 540 468
480 465 480 465
470 464 470 464
459 464 460 463
430 466 430 466
419 468 419 468
387 464 408 470
380 453 380 453
380 432 380 432
381 424 380 411
399 417 399 417
429 411 429 411
446 410 459 405
463 407 463 407
482 405 482 405
494 405 501 403
507 400 507 400
519 398 519 398
524 396 531 396
527 390 527 390
529 376 529 376
529 365 531 362
523 354 523 354
491 341 491 341
461 342 459 328
447 344 447 344
409 350 409 350
401 350 371 356
381 354 381 354
378 329 378 329
378 307 375 304
440 290 440 290
456 289 456 289
487 286 472 288
517 283 517 283
523 284 523 284
527 283 529 285
534 267 534 267
532 241 532 241
532 237 530 215
507 236 507 236
466 237 466 237
446 236 425 238
420 239 420 239
397 240 397 240
385 240 374 241
369 240 369 240
369 223 369 223
372 213 369 206
379 199 379 199
390 191 390 191
442 183 401 183
452 183 452 183
477 177 477 177
501 173 502 171
517 170 517 170
528 169 528 169
532 162 539 168
551 142 551 142
550 133 550 133
530 123 549 124
498 122 498 122
485 124 485 124
459 127 472 126
428 128 428 128
399 130 399 130
379 130 370 132
370 131 370 131
361 106 361 106
409 98 352 81
451 93 451 93
484 94 484 94
511 91 517 95
547 87 547 87
509 64 509 64
477 47 471 41
423 51 423 51
401 53 401 53
359 49 379 55
322 53 322 53
312 86 312 86
317 117 302 119
331 168 331 168
329 190 329 190
333 212 327 212
328 288 328 288
328 290 328 290
326 300 328 292
325 362 325 362
329 392 329 392
330 399 333 422
331 414 331 414
330 430 330 430
328 464 329 446
326 490 326 490
325 527 325 527
326 548 324 564
320 570 320 570
295 585 295 585
0 0 0 0
0 0 0 0
0 0 0 0
0 0 0 0
0 0 0 0
0 0 0 0
0 0 0 0
0 0 0 0
0 0 0 0
0 0 0 0
0 0 0 0
0 0 0 0
0 0 0 0
0 0 0 0
0 0 0 0
0 0 0 0
0 0 0 0
0 0 0 0
0 0 0 0
0 0 0 0
0 0 0 0
0 0 0 0
0 0 0 0
0 0 0 0
0 0 0 0
0 0 0 0
0 0 0 0
0 0 0 0
0 0 0 0
0 0 0 0
0 0 0 0
0 0 0 0
0 0 0 0
0 0 0 0
0 0 0 0
0 0 0 0
0 0 0 0
0 0 0 0
0 0 0 0
0 0 0 0
0 0 0 0
0 0 0 0
0 0 0 0
0 0 0 0
0 0 0 0
0 0 0 0
0 0 0 0
0 0 0 0
0 0 0 0
0 0 0 0
0 0 0 0
0 0 0 0
0 0 0 0
0 0 0 0
0 0 0 0
0 0 0 0
0 0 0 0
0 0 0 0
0 0 0 0
0 0 0 0
0 0 0 0
0 0 0 0
0 0 0 0
0 0 0 0
0 0 0 0
0 0 0 0
0 0 0 0
0 0 0 0
0 0 0 0
0 0 0 0
0 0 0 0
0 0 0 0
0 0 0 0
0 0 0 0
0 0 0 0
0 0 0 0
0 0 0 0
0 0 0 0
0 0 0 0
0 0 0 0
0 0 0 0
0 0 0 0
0 0 0 0
0 0 0 0
0 0 0 0
0 0 0 0
0 0 0 0
0 0 0 0
0 0 0 0
0 0 0 0
0 0 0 0
0 0 0 0
0 0 0 0
0 0 0 0
0 0 0 0
0 0 0 0
0 0 0 0
0 0 0 0
0 0 0 0
0 0 0 0
0 0 0 0
0 0 0 0
0 0 0 0
0 0 0 0
0 0 0 0
0 0 0 0
0 0 0 0
0 0 0 0
0 0 0 0
0 0 0 0
0 0 0 0
0 0 0 0
0 0 0 0
0 0 0 0
0 0 0 0
0 0 0 0
0 0 0 0
0 0 0 0
0 0 0 0
0 0 0 0
0 0 0 0
0 0 0 0
0 0 0 0
0 0 0 0
0 0 0 0
0 0 0 0
0 0 0 0
0 0 0 0
0 0 0 0
0 0 0 0
0 0 0 0
0 0 0 0
0 0 0 0
0 0 0 0
0 0 0 0
0 0 0 0
0 0 0 0
0 0 0 0
0 0 0 0
0 0 0 0
0 0 0 0
0 0 0 0
0 0 0 0
0 0 0 0
0 0 0 0
0 0 0 0
0 0 0 0
0 0 0 0
0 0 0 0
0 0 0 0
0 0 0 0
0 0 0 0
0 0 0 0
0 0 0 0
0 0 0 0
0 0 0 0
0 0 0 0
0 0 0 0
0 0 0 0
0 0 0 0
0 0 0 0
0 0 0 0
0 0 0 0
0 0 0 0
0 0 0 0
0 0 0 0
0 0 0 0
0 0 0 0
0 0 0 0
0 0 0 0
0 0 0 0
0 0 0 0
0 0 0 0
0 0 0 0
0 0 0 0
0 0 0 0
0 0 0 0
0 0 0 0
0 0 0 0
0 0 0 0
0 0 0 0
0 0 0 0
0 0 0 0
0 0 0 0
0 0 0 0
0 0 0 0
0 0 0 0
0 0 0 0
0 0 0 0
0 0 0 0
0 0 0 0
0 0 0 0
0 0 0 0
0 0 0 0
0 0 0 0
0 0 0 0
0 0 0 0
0 0 0 0
0 0 0 0
0 0 0 0
0 0 0 0
0 0 0 0
0 0 0 0
0 0 0 0
0 0 0 0
0 0 0 0
0 0 0 0
0 0 0 0
0 0 0 0
0 0 0 0
0 0 0 0
0 0 0 0
0 0 0 0
0 0 0 0
0 0 0 0
0 0 0 0
0 0 0 0
0 0 0 0
0 0 0 0
0 0 0 0
0 0 0 0
0 0 0 0
0 0 0 0
0 0 0 0
0 0 0 0
0 0 0 0
0 0 0 0
0 0 0 0
0 0 0 0
0 0 0 0
0 0 0 0
0 0 0 0
0 0 0 0
0 0 0 0
0 0 0 0
0 0 0 0
0 0 0 0
0 0 0 0
0 0 0 0
0 0 0 0
0 0 0 0
0 0 0 0
0 0 0 0
0 0 0 0
0 0 0 0
0 0 0 0
0 0 0 0
0 0 0 0
0 0 0 0
0 0 0 0
0 0 0 0
0 0 0 0
0 0 0 0
0 0 0 0
0 0 0 0
0 0 0 0
0 0 0 0
0 0 0 0
0 0 0 0
0 0 0 0
0 0 0 0
0 0 0 0
0 0 0 0
0 0 0 0
0 0 0 0
0 0 0 0
0 0 0 0
0 0 0 0
0 0 0 0
0 0 0 0
0 0 0 0
0 0 0 0
0 0 0 0
0 0 0 0
0 0 0 0
0 0 0 0
0 0 0 0
0 0 0 0
0 0 0 0
0 0 0 0
0 0 0 0
0 0 0 0
0 0 0 0
0 0 0 0
0 0 0 0
0 0 0 0
0 0 0 0
0 0 0 0
0 0 0 0
0 0 0 0
0 0 0 0
0 0 0 0
0 0 0 0
0 0 0 0
0 0 0 0
0 0 0 0
0 0 0 0
0 0 0 0
0 0 0 0
0 0 0 0
0 0 0 0
0 0 0 0
0 0 0 0
0 0 0 0
0 0 0 0
0 0 0 0
0 0 0 0
0 0 0 0
0 0 0 0
0 0 0 0
0 0 0 0
0 0 0 0
0 0 0 0
0 0 0 0
0 0 0 0
0 0 0 0
0 0 0 0
0 0 0 0
0 0 0 0
0 0 0 0
0 0 0 0
0 0 0 0
0 0 0 0
0 0 0 0
0 0 0 0
0 0 0 0
0 0 0 0
0 0 0 0
0 0 0 0
0 0 0 0
0 0 0 0
0 0 0 0
0 0 0 0
0 0 0 0
0 0 0 0
0 0 0 0
0 0 0 0
0 0 0 0
0 0 0 0
0 0 0 0
0 0 0 0
0 0 0 0
0 0 0 0
0 0 0 0
0 0 0 0
0 0 0 0
